Date,Year,Month,Day,TotalIndTested,TotalIndPositive,TotalIndRec,TotalDeaths,NewIndTested,NewIndPositive,NewIndRec,NewDeaths,PosTestRate,ID,PosTestRate14
12/14/2020,2020,12,14,1277104,256734,189893,3269,3229,1093,1286,60,33.84948901,171,0.376068376
12/13/2020,2020,12,13,1273875,255641,188607,3209,3735,1237,1458,1,33.11914324,169,0.385262689
12/12/2020,2020,12,12,1270140,254404,187149,3208,3921,1386,4213,15,35.34812548,168,0.388703162
12/11/2020,2020,12,11,1266219,253019,182936,3193,6989,2712,5381,77,38.8038346,167,0.393904369
12/10/2020,2020,12,10,1259230,250307,177555,3116,6152,2278,4317,99,37.02860858,166,0.392394282
12/9/2020,2020,12,9,1253078,248029,173238,3017,6836,2526,5339,102,36.95143359,165,0.39253757
12/8/2020,2020,12,8,1246242,245503,167899,2915,2592,968,7131,21,37.34567901,164,0.395285848
12/7/2020,2020,12,7,1243650,244535,160768,2894,1419,582,1759,211,41.01479915,163,0.399066588
12/6/2020,2020,12,6,1242231,243959,159009,2683,6814,2474,2016,17,36.307602,162,0.394167014
12/5/2020,2020,12,5,1235417,241485,156993,2666,2059,677,-7,1,32.88003885,161,0.396447491
12/4/2020,2020,12,4,1233358,240808,157000,2665,7152,2795,4683,62,39.07997763,160,0.397456315
12/3/2020,2020,12,3,1226206,238014,152317,2603,6820,2563,10077,154,37.58064516,159,0.400203479
12/2/2020,2020,12,2,1219386,235451,142240,2449,7100,3085,4810,18,43.45070423,158,0.401933933
12/1/2020,2020,12,1,1212286,232366,137430,2431,5608,2430,5162,27,43.33095578,157,0.398853234
11/30/2020,2020,11,30,1206678,229936,132268,2404,4580,1940,1171,28,42.3580786,156,0.401695045
11/29/2020,2020,11,29,1202098,228007,131097,2376,3748,1489,1090,16,39.72785486,155,0.400106109
11/28/2020,2020,11,28,1198350,226518,130007,2360,4806,2108,2663,8,43.86183937,154,0.401641002
11/27/2020,2020,11,27,1193544,224410,127344,2352,4761,1728,2826,40,36.29489603,153,0.404871443
11/26/2020,2020,11,26,1188783,222682,124518,2312,5441,2009,2441,41,36.92335968,152,0.4107674
11/25/2020,2020,11,25,1183342,220673,122077,2271,12787,5070,2365,45,39.64964417,151,0.418502097
11/24/2020,2020,11,24,1170555,215603,119712,2226,2970,1405,2851,18,47.30639731,150,0.427499387
11/23/2020,2020,11,23,1167585,214198,116861,2208,11622,4231,556,16,36.40509379,149,0.430928975
11/22/2020,2020,11,22,1155963,209967,116305,2192,3417,1324,572,32,38.74743927,148,0.437968404
11/21/2020,2020,11,21,1152546,208644,115733,2160,8350,3261,1389,25,39.05389222,147,0.439867471
11/20/2020,2020,11,20,1144196,205383,114344,2135,10383,4333,1558,29,41.73167678,146,0.444800835
11/19/2020,2020,11,19,1133813,201050,112786,2106,10087,4036,1466,39,40.0118965,145,0.448895484
11/18/2020,2020,11,18,1123726,197014,111320,2067,10850,4286,1317,39,39.50230415,144,0.453085721
11/17/2020,2020,11,17,1112876,192728,110003,2028,10974,4868,1810,37,44.35939493,143,0.456696296
11/16/2020,2020,11,16,1101902,187860,108193,1991,5356,2084,305,6,38.90963406,142,0.456527791
11/15/2020,2020,11,15,1096546,185777,107888,1985,11907,4928,340,12,41.38741917,141,0.456683505
11/14/2020,2020,11,14,1084639,180849,107548,1973,9992,4575,1002,24,45.7866293,140,0.453760789
11/13/2020,2020,11,13,1074647,176274,106546,1949,6896,3306,50,2,47.94083527,139,0.446454003
11/12/2020,2020,11,12,1067751,172968,106496,1947,10038,4869,2246,45,48.50567842,138,0.442186537
11/11/2020,2020,11,11,1057713,168099,104250,1902,13619,6556,1214,28,48.13862986,137,0.427618912
11/10/2020,2020,11,10,1044094,161543,103036,1874,3154,1918,1841,2,60.81166772,136,0.416763022
11/9/2020,2020,11,9,1040940,159625,101195,1872,16007,7043,437,29,43.99950022,135,0.408038499
11/8/2020,2020,11,8,1024933,152582,100758,1843,4886,2219,78,1,45.41547278,134,0.394889264
11/7/2020,2020,11,7,1020047,150363,100680,1842,9911,4609,1405,14,46.50388457,133,0.385905096
11/6/2020,2020,11,6,1010136,145754,99275,1828,6380,3085,99,14,48.35423197,132,0.368449017
11/5/2020,2020,11,5,1003756,142669,99176,1814,12495,5672,2356,26,45.39415766,131,0.358035958
11/4/2020,2020,11,4,991261,136997,96820,1788,6411,2737,1301,8,42.6922477,130,0.325101307
11/3/2020,2020,11,3,984850,134260,95519,1780,5072,2152,1552,33,42.42902208,129,0.313970104
11/2/2020,2020,11,2,979778,132108,93967,1747,4583,1750,406,30,38.18459524,128,0.29931998
11/1/2020,2020,11,1,975195,130358,93561,1717,6529,2133,360,1,32.66962781,127,0.28844079
10/31/2020,2020,10,31,968666,128225,93201,1716,8472,3049,793,10,35.9891407,126,0.281245154
10/30/2020,2020,10,30,960194,125177,92408,1706,4346,1690,150,1,38.88633226,125,0.26708999
10/29/2020,2020,10,29,955848,123487,92258,1705,10319,3359,1718,21,32.55160384,124,0.25498964
10/28/2020,2020,10,28,945529,120128,90540,1684,6082,2197,1028,22,36.12298586,123,0.238992598
10/27/2020,2020,10,27,939447,117932,89512,1662,3029,954,1383,14,31.49554308,122,0.227860155
10/26/2020,2020,10,26,936418,116980,88129,1648,4544,1142,382,13,25.13204225,121,0.222969075
10/25/2020,2020,10,25,931874,115838,87747,1635,4215,1124,276,4,26.66666667,120,0.219056535
10/24/2020,2020,10,24,927659,114714,87471,1631,5983,1549,821,10,25.89002173,119,0.2163231
10/23/2020,2020,10,23,921676,113166,86650,1621,2297,702,126,4,30.56160209,118,0.209958598
10/22/2020,2020,10,22,919379,112464,86524,1617,11775,2659,1838,32,22.58174098,117,0.20690302
10/21/2020,2020,10,21,907604,109805,84686,1585,3233,808,1132,29,24.99226724,116,0.199061671
10/20/2020,2020,10,20,904371,108999,83554,1556,5473,1093,1329,17,19.97076558,115,0.194327295
10/19/2020,2020,10,19,898898,107906,82225,1539,4340,800,407,9,18.43317972,114,0.192932325
10/18/2020,2020,10,18,894558,107107,81818,1530,3280,639,307,3,19.48170732,113,0.192573171
10/17/2020,2020,10,17,891278,106468,81511,1527,4314,843,935,4,19.54102921,112,0.191059526
10/16/2020,2020,10,16,886964,105625,80576,1523,7374,1576,356,7,21.37238948,111,0.187678877
10/15/2020,2020,10,15,879590,104049,80220,1516,7557,1479,1056,18,19.57125844,110,0.183880565
10/14/2020,2020,10,14,872033,102570,79164,1498,6096,1382,995,12,22.67060367,109,0.181364572
10/13/2020,2020,10,13,865937,101189,78169,1486,4054,823,1519,12,20.30093735,108,0.176645956
10/12/2020,2020,10,12,861883,100371,76650,1474,3716,669,392,14,18.00322928,107,0.173287806
10/11/2020,2020,10,11,858167,99705,76258,1460,3080,677,300,1,21.98051948,106,0.172451733
10/10/2020,2020,10,10,855087,99028,75958,1459,5630,1013,53,5,17.9928952,105,0.159971332
10/9/2020,2020,10,9,849457,98015,75905,1454,4712,981,864,21,20.81918506,104,0.1573181
10/8/2020,2020,10,8,844745,97035,75041,1433,12168,2152,1707,18,17.68573307,103,0.155032468
10/7/2020,2020,10,7,832577,94884,73334,1415,7639,1309,1050,14,17.13575075,102,0.151979211
10/6/2020,2020,10,6,824938,93575,72284,1401,2331,376,357,8,16.13041613,101,0.151528243
10/5/2020,2020,10,5,822607,93199,71927,1393,2805,477,334,10,17.00534759,100,0.151515509
10/4/2020,2020,10,4,819802,92729,71593,1383,1585,202,4,2,12.7444795,99,0.150664954
10/3/2020,2020,10,3,818217,92542,71589,1381,7772,1245,1051,6,16.01904272,98,0.152817819
10/2/2020,2020,10,2,810445,91297,70538,1375,6143,1059,895,14,17.23913397,97,0.151312979
10/1/2020,2020,10,1,804302,90239,69643,1361,6622,1120,1156,15,16.91331924,96,0.153386185
9/30/2020,2020,9,30,797680,89120,68487,1346,3525,577,122,4,16.36879433,95,0.151710984
9/29/2020,2020,9,29,794155,88546,68365,1342,8417,1338,2018,21,15.89640014,94,0.150574931
9/28/2020,2020,9,28,785738,87208,66347,1321,3917,640,443,6,16.33903498,93,0.149234936
9/27/2020,2020,9,27,781821,86569,65904,1315,9055,680,411,3,7.50966317,92,0.148610479
9/26/2020,2020,9,26,772766,85890,65493,1312,6459,925,2826,4,14.32110234,91,0.154498363
9/25/2020,2020,9,25,766307,84965,62667,1308,6570,1079,1145,5,16.42313546,90,0.155773824
9/24/2020,2020,9,24,759737,83887,61522,1303,6434,1021,1154,5,15.86882188,89,0.15292803
9/23/2020,2020,9,23,753303,82867,60368,1298,11696,1888,2412,23,16.14227086,88,0.152037981
9/21/2020,2020,9,21,741607,80979,57956,1275,3724,586,423,10,15.73576799,87,0.149201561
9/20/2020,2020,9,20,737883,80394,57533,1265,4478,657,243,1,14.67172845,86,0.148518018
9/19/2020,2020,9,19,733405,79738,57290,1264,5027,914,717,0,18.18181818,85,0.149246953
9/18/2020,2020,9,18,728378,78824,56573,1264,9214,1328,733,13,14.41285001,84,0.147679826
9/17/2020,2020,9,17,719164,77496,55840,1251,3664,868,744,3,23.68995633,83,0.132438077
9/16/2020,2020,9,16,715500,76630,55096,1248,6950,1021,717,14,14.69064748,82,0.131797057
9/15/2020,2020,9,15,708550,75609,54379,1234,4058,556,913,1,13.7013307,81,0.12818708
9/14/2020,2020,9,14,704492,75056,53466,1233,2930,399,313,14,13.61774744,80,0.13056904
9/13/2020,2020,9,13,701562,74664,53153,1219,3295,495,191,1,15.02276176,79,0.131514357
9/12/2020,2020,9,12,698267,74171,52962,1218,7353,909,562,5,12.3623011,78,0.133987771
9/11/2020,2020,9,11,690914,73262,52400,1213,2900,475,103,5,16.37931034,77,0.138744909
9/10/2020,2020,9,10,688014,72789,52297,1208,9714,1337,1232,10,13.76364011,76,0.164861278
9/9/2020,2020,9,9,678300,71452,51065,1198,2721,384,136,13,14.11245865,75,0.172792668
9/8/2020,2020,9,8,675579,71075,50929,1185,2919,358,543,11,12.26447413,74,0.17461609
9/7/2020,2020,9,7,672660,70722,50386,1174,3570,516,643,7,14.45378151,73,0.173536116
9/6/2020,2020,9,6,669090,70207,49743,1167,3941,627,222,6,15.9096676,72,0.174239272
9/5/2020,2020,9,5,665149,69583,49521,1161,4072,666,35,3,16.35559921,71,0.175509469
9/4/2020,2020,9,4,661077,68919,49486,1158,17571,1409,890,23,8.01889477,70,0.173120959
9/3/2020,2020,9,3,643506,67510,48596,1135,5466,1057,499,1,19.33772411,69,0.196692619
9/2/2020,2020,9,2,638040,66455,48097,1134,6206,646,608,11,10.40928134,68,0.182797665
9/1/2020,2020,9,1,631834,65811,47489,1123,3769,701,714,7,18.5990979,67,0.183149101
8/31/2020,2020,8,31,628065,65114,46775,1116,3506,547,212,3,15.60182544,66,0.178696191
8/30/2020,2020,8,30,624559,64580,46563,1113,3814,755,137,3,19.7954903,65,0.173606201
8/29/2020,2020,8,29,620745,63825,46426,1110,5459,1015,412,2,18.59314893,64,0.146604099
8/28/2020,2020,8,28,615286,62812,46014,1108,6387,3025,563,24,47.36182871,63,0.142121082
8/27/2020,2020,8,27,608899,59788,45451,1084,4138,1001,519,13,24.19043016,62,0.118991095
8/26/2020,2020,8,26,604761,58790,44932,1071,6609,1197,526,12,18.11166591,61,0.112770404
8/25/2020,2020,8,25,598152,57594,44406,1059,5775,770,632,15,13.33333333,60,0.107858743
8/24/2020,2020,8,24,592377,56830,43774,1044,2586,401,265,7,15.50657386,59,0.106073136
8/23/2020,2020,8,23,589791,56439,43509,1037,2370,452,126,4,19.07172996,58,0.102912621
8/22/2020,2020,8,22,587421,55992,43383,1033,5387,708,439,11,13.14275107,57,0.101219051
8/21/2020,2020,8,21,582034,55286,42944,1022,4804,761,557,6,15.84096586,56,0.100386922
8/20/2020,2020,8,20,577230,54528,42387,1016,10285,1017,505,10,9.88818668,55,0.097858002
8/19/2020,2020,8,19,566945,53511,41882,1006,6217,673,283,17,10.82515683,54,0.097675576
8/18/2020,2020,8,18,560728,53174,41599,989,3655,364,781,6,9.958960328,53,0.098867105
8/17/2020,2020,8,17,557073,52823,40818,983,4637,382,278,8,8.238084969,52,0.098005626
8/16/2020,2020,8,16,552436,52447,40540,975,36538,3605,3431,44,9.866440418,51,0.098929
8/9/2020,2020,8,9,515898,48842,37109,931,5417,539,216,5,9.950156913,50,0.099168664
8/8/2020,2020,8,8,510481,48304,36893,926,4783,410,532,11,8.572025925,49,0.099939886
8/7/2020,2020,8,7,505698,47894,36361,915,5734,539,766,3,9.400069759,48,0.100358806
8/6/2020,2020,8,6,499964,47358,35595,912,6727,695,794,13,10.33149993,47,0.101460473
8/5/2020,2020,8,5,493237,46665,34801,899,6061,613,757,11,10.1138426,46,0.099531722
8/4/2020,2020,8,4,487176,46054,34044,888,3990,213,762,4,5.338345865,45,0.097431698
8/3/2020,2020,8,3,483186,45845,33282,884,1585,192,321,8,12.11356467,44,0.09875612
8/2/2020,2020,8,2,481601,45661,32961,876,2947,375,123,5,12.72480489,43,0.10212909
8/1/2020,2020,8,1,478654,45289,32838,871,5299,548,240,4,10.34157388,42,0.096898961
7/31/2020,2020,7,31,473355,44748,32598,867,6865,664,713,10,9.672250546,41,0.094067199
7/30/2020,2020,7,30,466490,44087,31885,857,3388,513,625,8,15.14167651,40,0.093864651
7/29/2020,2020,7,29,463102,43577,31260,849,8768,781,604,10,8.907390511,39,0.092509721
7/28/2020,2020,7,28,454334,42799,30656,839,1151,132,723,5,11.46828844,38,0.091775877
7/27/2020,2020,7,27,453183,42672,29933,834,3203,323,307,6,10.08429597,37,0.091833362
7/26/2020,2020,7,26,449980,42356,29626,828,6039,652,142,2,10.79648949,36,0.090770414
7/25/2020,2020,7,25,443941,41707,29484,826,3738,333,244,1,8.908507223,35,0.091486088
7/24/2020,2020,7,24,440203,41379,29240,825,6245,663,284,5,10.61649319,34,0.090312496
7/23/2020,2020,7,23,433958,40722,28956,820,6921,587,273,8,8.481433319,33,0.091950517
7/22/2020,2020,7,22,427037,40136,28683,812,7026,568,270,9,8.084258469,32,0.090973524
7/21/2020,2020,7,21,420011,39569,28413,803,4436,346,351,6,7.799819657,31,0.091097134
7/20/2020,2020,7,20,415575,39232,28062,797,2407,504,169,4,20.93892813,30,0.091766672
7/19/2020,2020,7,19,413168,38731,27893,793,7941,501,72,4,6.30902909,29,0.088214045
7/18/2020,2020,7,18,405227,38232,27821,789,5564,365,191,4,6.560028756,28,0.092452107
7/17/2020,2020,7,17,399663,37869,27630,785,5948,563,211,4,9.46536651,27,0.093412439
7/16/2020,2020,7,16,393715,37306,27419,781,9048,938,202,9,10.36693192,26,0.09186932
7/15/2020,2020,7,15,384667,36369,27217,772,6791,542,236,15,7.981151524,25,0.089914503
7/14/2020,2020,7,14,377876,35828,26981,757,330,61,99,2,18.48484848,24,0.091990572
7/13/2020,2020,7,13,377546,35785,26882,755,5576,458,647,5,8.213773314,23,0.089185099
7/12/2020,2020,7,12,371970,35328,26235,750,6019,706,122,2,11.72952318,22,0.088631786
7/11/2020,2020,7,11,365951,34623,26113,748,6357,478,176,5,7.519270096,21,0.084767515
7/10/2020,2020,7,10,359594,34145,25937,743,7604,920,362,2,12.09889532,20,0.085203075
7/9/2020,2020,7,9,351990,33226,25575,741,8197,623,-553,5,7.600341588,19,0.079439315
7/8/2020,2020,7,8,343793,32604,26128,736,6935,570,399,8,8.219178082,18,0.078513329
7/7/2020,2020,7,7,336858,32036,25729,728,3862,349,427,5,9.036768514,17,0.077375615
7/6/2020,2020,7,6,332996,31697,25302,723,2876,252,468,2,8.76216968,16,0.076169587
7/5/2020,2020,7,5,330120,31459,24834,721,3193,414,217,0,12.96586282,15,0.07460696
7/4/2020,2020,7,4,326927,31045,24617,721,7157,589,231,0,8.229705184,14,0.07213244
7/3/2020,2020,7,3,319770,30456,24386,721,3404,206,277,2,6.051703878,13,0.070993597
7/2/2020,2020,7,2,316366,30252,24109,719,8661,752,452,2,8.682600162,12,0.071583299
7/1/2020,2020,7,1,307705,29500,23657,717,1532,218,215,0,14.22976501,11,0.069035396
6/30/2020,2020,6,30,306173,29288,23442,717,7250,477,575,6,6.579310345,10,0.06680323
6/29/2020,2020,6,29,298923,28815,22867,711,4397,310,5182,5,7.050261542,9,0.066973415
6/28/2020,2020,6,28,294526,28509,17685,706,6494,447,168,2,6.883276871,8,0.066571761
6/27/2020,2020,6,27,288032,28063,17517,704,1933,135,108,0,6.983962752,7,0.066114931
6/26/2020,2020,6,26,286099,27929,17409,704,8518,569,277,8,6.679971824,6,0.065876589
6/25/2020,2020,6,25,277581,27364,17132,696,9151,629,220,3,6.873565731,5,0.065514062
6/24/2020,2020,6,24,268430,26740,16912,693,5174,348,199,4,6.725937379,4,0.063162932
6/23/2020,2020,6,23,263256,26392,16713,689,3662,245,326,3,6.690333151,3,0.060285132
6/22/2020,2020,6,22,259594,26149,16387,686,3703,199,319,1,5.374021064,2,0.053740211
6/21/2020,2020,6,21,255891,25958,16068,685,0,0,0,0,0,1,
